header: 
  seq: 20521
  stamp: 
    secs: 1645028359
    nsecs: 822263479
  frame_id: "camera_depth_optical_frame"
height: 480
width: 640
distortion_model: "plumb_bob"
d: [0.0, 0.0, 0.0, 0.0, 0.0]
k: [385.13543701171875, 0.0, 319.213623046875, 0.0, 385.13543701171875, 232.84805297851562, 0.0, 0.0, 1.0]
r: [1.0, 0.0, 0.0, 0.0, 1.0, 0.0, 0.0, 0.0, 1.0]
p: [385.13543701171875, 0.0, 319.213623046875, 0.0, 0.0, 385.13543701171875, 232.84805297851562, 0.0, 0.0, 0.0, 1.0, 0.0]
binning_x: 0
binning_y: 0
roi: 
  x_offset: 0
  y_offset: 0
  height: 0
  width: 0
  do_rectify: false
