header: 
  seq: 21534
  stamp: 
    secs: 1645028360
    nsecs: 494203329
  frame_id: "camera_color_optical_frame"
height: 480
width: 640
distortion_model: "plumb_bob"
D: [0.0, 0.0, 0.0, 0.0, 0.0]
K: [607.3601684570312, 0.0, 321.66229248046875, 0.0, 605.9943237304688, 243.76576232910156, 0.0, 0.0, 1.0]
R: [1.0, 0.0, 0.0, 0.0, 1.0, 0.0, 0.0, 0.0, 1.0]
P: [607.3601684570312, 0.0, 321.66229248046875, 0.0, 0.0, 605.9943237304688, 243.76576232910156, 0.0, 0.0, 0.0, 1.0, 0.0]
binning_x: 0
binning_y: 0
roi: 
  x_offset: 0
  y_offset: 0
  height: 0
  width: 0
  do_rectify: False
---
