header: 
  seq: 48
  stamp: 
    secs: 1645028666
    nsecs: 355580807
  frame_id: "camera_color_optical_frame"
height: 480
width: 640
distortion_model: "plumb_bob"
D: [0.0, 0.0, 0.0, 0.0, 0.0]
K: [614.4154052734375, 0.0, 322.7804870605469, 0.0, 614.3286743164062, 237.7722930908203, 0.0, 0.0, 1.0]
R: [1.0, 0.0, 0.0, 0.0, 1.0, 0.0, 0.0, 0.0, 1.0]
P: [614.4154052734375, 0.0, 322.7804870605469, 0.0, 0.0, 614.3286743164062, 237.7722930908203, 0.0, 0.0, 0.0, 1.0, 0.0]
binning_x: 0
binning_y: 0
roi: 
  x_offset: 0
  y_offset: 0
  height: 0
  width: 0
  do_rectify: False
---
