header: 
  seq: 46
  stamp: 
    secs: 1645028666
    nsecs: 288018703
  frame_id: "camera_depth_optical_frame"
height: 480
width: 640
distortion_model: "plumb_bob"
D: [0.0, 0.0, 0.0, 0.0, 0.0]
K: [380.3617248535156, 0.0, 318.9518127441406, 0.0, 380.3617248535156, 244.04205322265625, 0.0, 0.0, 1.0]
R: [1.0, 0.0, 0.0, 0.0, 1.0, 0.0, 0.0, 0.0, 1.0]
P: [380.3617248535156, 0.0, 318.9518127441406, 0.0, 0.0, 380.3617248535156, 244.04205322265625, 0.0, 0.0, 0.0, 1.0, 0.0]
binning_x: 0
binning_y: 0
roi: 
  x_offset: 0
  y_offset: 0
  height: 0
  width: 0
  do_rectify: False
---
